"","sampleID","response","logIC50","IC50","Evo_Clusters","ARNT","TPM3","NTRK1","SDHC","CDC73","PTPRC","ELF3","FH","MLF1","TBL1XR1","TP63","IGF2BP2","MAP3K13","NBN","RUNX1T1","PABPC1","RSPO2","EIF3E","CSMD3","EXT1","RAD21","NDRG1","RECQL4","NF2","CDKN2A","BAP1","SETD2","LATS1","FBXW7","LATS2","TP53","PTEN","MUC6","TNFRSF14","RPL22","CAMTA1","PRDM2","SPEN","SDHB","ARHGEF10L","CASP9","ID3","ARID1A","MUTYH","SFPQ","CDKN2C","EPS15","JAK1","BCL10","RPL5","TRIM33","ATP1A1","TENT5C","NOTCH2","CUL3","MLH1","RHOA","PBRM1","FHIT","ROBO2","SLC34A2","RHOH","PHOX2B","N4BP2","PTPN13","TET2","LEF1","FAT4","FAT1","CASP3","MAP3K1","RAD17","PIK3R1","ARHGAP26","EBF1","CCNC","PRDM1","FOXO3","PTPRK","TNFAIP3","ESR1","ARID1B","QKI","POT1","TRIM24","ARHGEF10","WRN","LEPROTL1","NRG1","CD274","PTPRD","MTAP","FANCG","PAX5","WNK2","XPA","PTCH1","FANCC","PPP6C","TSC1","LARP4B","KLF6","GATA3","ABI1","CCDC6","NCOA4","BMPR1A","FAS","CPEB3","NFKB2","SUFU","MGMT","CARS","SDHD","DDX10","ZBTB16","CDX2","BRCA2","FOXO1","RB1","SOX21","GPC5","ERCC5","CCNB1IP1","BAZ1A","NKX2-1","MAX","RAD51B","DICER1","BCL11B","KNL1","BUB1B","B2M","FANCA","CBFA2T3","YWHAE","PER1","MAP2K4","FLCN","NCOR1","SMAD4","SMAD2","STK11","TCF3","RUNX1","CLTCL1","LZTR1","SMARCB1","PATZ1","MYH9","CHEK2","ZNRF3","MRTFA","EP300","APOBEC3B"
"18","MED135",0,3.278,1898,1,0,0,0,0,0,0,0,0,0,0,0,0,0,0,0,0,0,0,0,0,0,0,0,1,0,1,1,2,1,2,0,1,0,1,1,1,1,1,1,1,1,1,1,1,1,1,1,1,1,1,1,1,0,0,0,1,1,1,1,0,1,1,1,1,1,1,1,1,1,1,0,0,0,0,0,2,2,2,2,2,2,2,2,0,0,0,0,0,0,0,0,0,0,0,0,0,0,0,0,0,0,0,0,0,1,1,1,1,1,1,1,1,0,0,0,0,2,2,2,2,2,2,2,2,2,2,2,2,2,2,0,0,0,0,0,0,0,2,2,2,0,0,2,2,2,1,1,1,1,1,1,1,1,1,1
"21","MED143",0,3.736,5450,3,0,0,0,0,0,0,0,0,0,0,0,0,0,0,0,0,0,0,0,0,0,0,0,1,1,1,1,1,0,0,1,0,0,0,0,0,0,0,0,0,0,0,0,0,0,0,0,0,0,0,0,0,0,0,0,1,1,1,0,0,0,0,0,0,0,0,0,0,0,0,0,0,0,0,0,1,1,1,1,1,1,1,1,0,0,0,0,0,0,1,1,1,1,1,1,1,1,1,1,1,0,0,0,0,0,0,0,0,0,0,0,0,0,0,0,0,0,0,0,0,0,0,0,0,0,0,0,0,0,0,1,1,1,1,1,1,1,1,1,1,0,0,0,0,0,1,1,1,1,1,1,1,1,1,1
"25","MED151",0,3.548,3529,1,0,0,0,0,0,0,0,0,0,0,0,0,0,1,1,1,1,1,1,1,1,1,1,0,0,1,1,1,0,0,0,0,0,0,0,0,0,0,0,0,0,0,0,0,0,0,0,0,0,0,0,0,0,0,0,0,1,1,1,0,0,0,0,0,0,0,0,0,0,0,0,0,0,0,0,1,1,1,1,1,1,1,1,0,0,1,1,1,1,0,0,0,0,0,0,0,0,0,0,0,0,0,0,0,0,0,0,0,0,1,1,0,0,0,0,0,0,0,0,0,0,0,0,0,0,0,0,0,0,0,0,0,0,0,0,0,0,0,0,0,0,0,0,0,0,0,0,0,0,0,0,0,0,0,0
"27","MED153",0,3.808,6430,1,2,2,2,2,2,2,2,2,2,2,2,2,2,1,1,1,1,1,1,1,1,1,1,0,0,1,1,1,0,0,0,0,0,0,0,0,0,0,0,0,0,0,0,0,0,0,0,0,0,0,0,0,0,0,0,0,1,1,1,0,0,0,0,0,0,0,0,0,0,0,0,0,0,0,0,1,1,1,1,1,1,1,1,0,0,1,1,1,0,0,0,0,0,0,0,0,0,0,0,0,0,0,0,0,0,0,0,0,0,0,0,0,0,0,0,0,0,0,0,0,0,0,0,0,0,0,1,1,1,1,0,0,0,0,0,0,0,0,0,0,0,0,0,0,0,0,0,0,0,0,0,0,0,0,0
"30","MED155",0,3.363,2306,5,0,0,0,0,0,0,0,0,0,0,0,0,0,0,0,0,0,0,0,0,0,0,0,1,-1,0,0,0,0,0,0,-1,0,0,0,0,0,0,0,0,0,0,0,0,0,0,0,0,1,1,1,1,1,0,0,0,0,0,0,0,1,1,1,1,1,1,0,0,0,0,0,0,0,0,0,0,0,0,0,0,0,0,0,0,0,1,1,1,1,1,1,-1,1,1,0,0,0,0,0,0,1,1,1,0,1,1,1,-1,1,1,1,1,0,1,1,1,0,0,0,0,0,0,0,0,0,0,0,0,0,0,0,0,0,0,0,0,0,0,0,0,0,0,0,0,1,1,1,1,1,1,1,1,1,1,1
"38","MED158",0,3.184,1528,5,0,0,0,0,0,0,0,0,0,0,0,0,0,0,0,0,0,0,0,0,0,0,0,1,-1,1,1,1,1,1,0,0,0,0,1,1,1,1,1,1,1,0,0,0,0,0,0,0,1,1,1,1,0,0,0,1,1,1,0,0,0,0,0,0,0,1,1,1,1,1,2,2,2,2,2,1,1,1,1,1,1,1,1,0,0,2,0,0,0,1,1,2,1,1,0,0,0,0,0,0,0,0,0,0,0,0,0,0,0,0,0,0,0,0,0,0,1,1,1,1,1,1,1,2,2,2,2,2,2,2,1,1,1,1,1,0,0,0,0,0,0,0,0,0,0,1,1,1,1,1,1,1,1,1,1
"42","MED164",0,3.212,1630,1,0,0,1,1,1,1,1,1,2,2,0,0,0,1,1,1,1,1,1,1,1,1,1,1,1,1,1,0,1,0,0,0,0,0,0,0,0,0,0,0,0,0,0,0,0,0,0,0,1,1,0,0,0,0,0,0,1,1,1,1,1,1,1,1,1,1,1,1,1,1,0,0,0,0,0,0,0,0,0,0,0,0,2,2,1,2,0,0,0,1,1,2,1,1,0,0,0,0,0,0,0,0,0,0,0,0,0,0,0,0,0,0,0,1,1,1,0,0,0,0,0,0,0,2,2,2,2,2,1,1,0,0,0,2,2,0,0,0,0,0,1,1,0,0,0,1,1,1,1,1,1,1,2,2,2
"15","MED106",1,3.176,1498,3,0,0,0,0,0,0,0,0,0,0,0,0,0,0,0,0,0,0,0,0,0,0,0,2,1,1,1,0,1,1,1,0,0,1,1,1,1,1,1,1,1,1,1,1,1,1,1,1,1,1,1,1,1,1,2,0,1,1,1,1,1,1,1,1,1,1,1,1,1,1,1,1,1,0,0,0,0,0,0,0,0,0,0,0,0,0,0,0,0,2,2,2,1,1,0,0,0,0,0,0,0,0,0,0,0,0,0,0,0,0,0,2,0,0,0,0,1,1,1,1,0,0,0,2,1,1,1,1,1,1,2,2,0,1,1,1,1,1,1,1,1,1,0,0,2,2,2,2,2,2,2,2,2,2,2
"16","MED109",1,1.942,87.59,2,1,1,1,1,1,1,1,1,1,1,1,1,1,0,0,0,0,0,0,0,0,0,0,1,-1,0,0,0,0,0,0,0,1,0,0,0,0,0,0,0,0,1,0,0,0,0,0,0,0,0,0,0,0,0,1,0,0,0,0,0,0,0,0,0,0,0,0,0,0,0,0,0,0,0,0,0,0,0,0,0,0,0,0,0,1,0,0,0,0,0,0,-1,0,0,0,0,0,0,0,0,0,0,0,0,0,0,0,0,0,0,0,0,1,1,1,1,0,0,0,0,0,0,0,1,1,1,1,1,1,1,1,1,0,0,0,0,0,0,0,0,0,0,0,0,0,2,1,1,1,1,1,1,1,1,1
"24","MED150",1,3.124,1331,1,0,0,0,0,0,0,0,0,0,0,0,0,0,0,0,0,0,0,0,0,0,0,0,1,0,1,1,2,0,2,2,2,2,2,2,2,2,2,2,2,2,2,2,0,0,0,0,0,1,1,1,1,1,1,0,1,1,1,0,0,0,0,0,0,0,0,0,0,0,0,0,0,0,0,0,2,2,2,2,2,2,2,2,0,0,0,0,0,0,0,0,0,0,0,0,0,0,0,0,0,1,1,1,1,2,2,2,2,2,1,1,1,2,0,0,0,2,2,2,2,2,2,2,0,0,0,0,0,0,0,0,0,0,0,0,2,2,2,2,2,1,1,2,2,1,2,0,0,1,1,1,1,1,1,1
"26","MED152",1,2.82,660.5,4,0,0,0,0,0,0,0,0,0,1,1,1,1,0,0,0,0,0,0,0,0,0,0,1,-1,0,0,1,1,0,1,0,1,0,0,0,0,0,0,0,0,0,0,0,0,1,1,1,1,1,1,1,1,1,0,2,0,0,0,0,1,1,1,1,1,1,1,1,1,1,1,1,1,1,1,1,1,1,1,1,1,1,1,1,1,0,0,0,0,1,1,-1,1,1,0,0,0,0,0,0,1,1,1,1,0,0,0,0,0,0,0,0,1,1,1,1,0,0,0,0,0,0,0,1,1,1,1,1,1,1,1,1,1,0,0,1,1,1,1,1,0,0,0,0,2,1,1,1,1,1,1,1,1,1,1
"29","MED154",1,2.436,273.2,3,0,0,0,0,0,0,0,0,1,1,1,1,1,0,0,0,0,0,0,0,0,0,0,1,0,1,1,2,0,0,0,0,0,0,0,0,0,0,0,0,0,0,0,0,0,0,0,0,0,1,1,1,1,1,0,0,1,1,1,0,0,0,0,0,0,0,0,0,0,0,0,0,0,0,0,2,2,2,2,2,2,2,2,0,0,0,0,0,0,0,0,0,1,1,0,0,0,0,2,2,2,2,2,0,0,0,0,0,0,0,0,0,0,0,0,0,0,0,0,0,0,0,0,0,0,0,0,0,0,0,0,0,0,0,0,0,0,0,0,0,0,0,0,0,0,0,1,1,1,1,1,1,1,1,1
"41","MED162",1,2.773,592.6,2,0,0,0,0,0,0,0,0,0,0,0,0,0,0,0,0,0,0,0,0,0,0,0,1,-1,0,0,1,1,1,2,0,0,1,1,1,1,1,1,1,1,1,1,0,0,0,0,0,0,0,0,0,0,0,2,0,0,0,0,0,0,0,0,0,1,1,1,1,1,1,1,1,1,1,1,0,0,0,1,1,1,1,1,0,0,0,0,0,0,0,0,-1,2,2,2,2,2,2,2,2,1,1,1,1,0,0,0,0,0,0,0,0,0,0,0,0,1,1,1,1,1,1,1,1,1,1,1,1,1,1,1,1,1,0,0,2,2,0,0,0,0,0,0,0,0,1,1,1,1,1,1,1,1,1,1
